47829
47830
47833
47834
47837
47843
47848
47849
47853
47854
47855
47856
47857
47892
47900
47904
47908
47916
47923
47927
47931
47935
47939
47945
47951
47955
47959
47994
48023
48027
48028
48032
48037
48041
48045
48050
48063
48068
48073
48077
48083
48092
48097
48101
48106
48111
48112
48133
48138
48147
48151
48155
48160
48167
48177
48183
48184
48188
48193
48197
48211
48215
48216
48217
48237
48238
48252
48253
48254
48265
48287
48290
48299
48301
48302
48305
48306
48307
48308
48352
48353
48354
48355
48381
48382
48383
48384
48385
48386
48387
48413
48414
48415
48416
48417
48427
48428
48429
48430
48456
48460
48461
48489
48492
48528
48529
48530
48531
48575
48576
48578
48579
48635
48636
48641
48642
48643
48644
