949.2
956.4
960.9
965.3
969.8
974.3
978.8
983.3
987.7
992.2
996.7
1001.2
1005.6
1010.1
1014.6
1019.1
1023.5
1028.0
1032.5
1036.9
1041.4
1045.9
1050.4
1054.9
1059.3
1063.8
1068.3
1072.8
1077.2
1081.7
1086.2
1090.7
1095.2
1099.7
1104.2
1108.6
1113.2
1117.6
1122.1
1126.6
1131.0
1135.5
1140.0
1144.5
1149.0
1153.5
1158.0
1162.5
1166.9
1171.4
1175.9
1180.4
1184.9
1189.4
1193.9
1198.3
1202.8
1207.3
1211.8
1216.3
1220.9
1225.3
1229.8
1234.3
1238.8
1243.2
1247.7
1252.2
1256.7
1261.2
1265.6
1270.1
1274.6
1279.1
1283.6
1288.0
1292.5
1297.0
1301.5
1306.0
1310.5
1314.9
1319.4
1323.9
1328.4
1332.9
1337.3
1341.8
1346.3
1350.7
1355.2
1359.7
1364.2
1368.6
1373.1
1377.6
1382.1
1386.6
1391.0
1395.5
1400.0
1404.5
1408.9
1413.4
1417.9
1422.4
1426.9
1431.3
1435.8
1440.3
1444.7
1449.2
1453.7
1458.1
1462.7
1467.1
1471.6
1476.1
1480.6
1485.0
1489.5
1494.0
1498.5
1503.0
1507.4
1511.9
1516.4
1520.9
1525.3
1529.8
1534.3
1538.7
1543.2
1547.7
1552.1
1556.6
1561.1
1565.6
1570.0
1574.5
1579.0
1583.4
1588.0
1592.4
1596.9
1601.4
1605.8
1610.3
1614.8
1619.3
1623.7
1628.2
1632.7
1637.2
1641.4
1645.8
1650.4
1655.1
1659.6
1664.1
1668.5
1673.0
1677.5
1682.0
1686.5
1690.9
1695.4
1699.8
1704.3
1708.7
1713.2
1717.7
1722.2
1726.7
1731.1
1735.5
1740.1
1744.5
1749.0
1753.5
1757.9
1762.4
1766.9
1771.3
1775.8
1780.3
1784.7
1789.2
1793.7
1798.1
1802.6
1807.1
1811.6
1816.0
1820.4
1824.9
1829.4
1833.9
1838.3
1842.8
1847.3
1851.7
1856.2
1860.7
1865.1
1869.6
1874.1
1878.5
1883.0
1887.5
1892.0
1896.4
1900.9
1905.4
1909.8
1914.3
1918.7
1923.2
1927.7
1932.1
1936.6
1941.1
1945.5
1950.0
1954.4
1958.9
1963.4
1967.8
1972.3
1976.8
1981.2
1985.7
1990.2
1994.7
1999.1
2003.7
2008.1
2012.5
2017.0
2021.5
2025.9
2030.4
2034.9
2039.3
2043.8
2048.3
2052.7
2057.2
2061.7
2066.1
2070.6
2075.0
2079.5
2084.0
2088.5
2092.9
2097.3
2101.8
2106.3
2110.7
2115.2
2119.7
2124.1
2128.5
2133.0
2137.4
2141.9
2146.4
2150.8
2155.3
2159.7
2164.1
2168.6
2173.0
2177.5
2182.0
2186.4
2190.8
2195.3
2199.7
2204.2
2208.7
2213.0
2217.5
2222.0
2226.4
2230.8
2235.3
2239.8
2244.2
2248.6
2253.1
2257.5
2262.0
2266.4
2270.8
2275.3
2279.7
2284.2
2288.6
2293.0
2297.5
2301.9
2306.4
2310.8
2315.2
2319.7
2324.1
2328.6
2333.0
2337.4
2341.9
2346.3
2350.7
2355.2
2359.6
2364.1
2368.5
2373.0
2377.4
2381.8
2386.3
2390.7
2395.2
2399.7
2404.1
2408.5
2412.9
2417.4
2421.8
2426.2
2430.7
2435.2
2439.5
2444.0
2448.5
2452.9
2457.4
2461.9
2466.3
2470.7
2475.2
2479.6
2484.0
2488.5
2492.9
2497.1
2501.5
2505.9
2510.6
2515.0
2519.5
2523.9
2528.4
2532.8
2537.3
2541.7
2546.2
2550.6
2555.0
2559.5
2563.9
2568.3
2572.8
2577.3
2581.7
2586.1
2590.6
2595.0
2599.5
2603.9
2608.3
2612.8
2617.2
2621.7
2626.1
2630.5
2635.0
2639.4
2643.8
2648.3
2652.7
2657.2
2661.6
2666.1
2670.5
2674.9
2679.3
2683.8
2688.2
2692.7
2697.2
2701.6
2706.0
2710.4
2714.9
2719.3
2723.8
2728.2
2732.7
2737.1
2741.5
2746.0
2750.4
2754.9
2759.3
2763.7
2768.2
2772.6
2777.1
2781.5
2785.9
2790.3
2794.8
2799.2
2803.6
2808.1
2812.6
2817.0
2821.4
2825.9
2830.3
2834.8
2839.2
2843.6
2848.0
2852.5
2857.0
2861.4
2865.8
2870.3
2874.7
2879.2
2883.6
2888.0
2892.4
2896.8
2901.3
2905.8
2910.2
2914.6
2919.1
2923.5
2928.0
2932.4
2936.8
2941.3
2945.7
2950.1
2954.5
2959.0
2963.4
2967.8
2972.2
2976.5
2980.9
2985.4
2990.0
2994.5
2998.9
3003.4
3007.8
3012.3
3016.8
3021.2
3025.6
3030.1
3034.4
3038.9
3043.3
3047.8
3052.2
3056.7
3061.1
3065.6
3070.0
3074.5
3078.9
3083.4
3087.8
3092.2
3096.6
3101.1
3105.5
3110.0
3114.4
3118.8
3123.2
3127.7
3132.1
3136.5
3141.0
3145.4
3149.9
3154.3
3158.7
3163.2
3167.6
3172.0
3176.5
3180.9
3185.3
3189.7
3194.2
3198.6
3203.0
3207.5
3211.9
3216.4
3220.8
3225.2
3229.6
3234.0
3238.5
3242.9
3247.4
3251.9
3256.3
3260.7
3265.1
3269.5
3274.0
3278.4
3282.9
3287.1
3291.5
3295.9
3300.6
3305.1
3309.5
3313.9
3318.3
3322.7
3327.1
3331.6
3336.0
3340.4
3344.8
3349.2
3353.7
3358.2
3362.6
3367.0
3371.4
3375.8
3380.3
3384.7
3389.1
3393.6
3397.9
3402.4
3406.8
3411.3
3415.6
3420.1
3424.5
3429.0
3433.4
3437.8
3442.2
3446.7
3451.1
3455.6
3460.0
3464.4
3468.9
3473.3
3477.7
3482.2
3486.6
3490.8
3495.3
3499.7
3504.3
3508.7
3513.1
3517.5
3522.0
3526.4
3530.9
3535.3
3539.7
3544.1
3548.5
3553.0
3557.4
3561.8
3566.2
3570.7
3575.1
3579.5
3583.9
3588.4
3592.8
3597.3
3601.7
3606.2
3610.5
3615.0
3619.4
3623.8
3628.3
3632.7
3637.1
3641.5
3645.9
3650.2
3654.6
3659.1
3663.6
3668.1
3672.5
3676.9
3681.4
3685.8
3690.2
3694.6
3699.0
3703.5
3707.9
3712.4
3716.8
3721.2
3725.7
3730.1
3734.6
3739.0
3743.3
3747.9
3752.2
3756.7
3761.1
3765.3
3769.8
3774.2
3778.8
3783.2
3787.7
3792.1
3796.5
3801.0
3805.4
3809.8
3814.3
3818.7
3823.1
3827.5
3832.0
3836.4
3840.8
3845.2
3849.7
3854.2
3858.5
3862.8
3867.2
3871.7
3876.3
3880.7
3885.1
3889.6
3893.9
3898.4
3902.8
3907.2
3911.6
3916.1
3920.5
3924.9
3929.3
3933.6
3938.0
3942.4
3947.0
3951.4
3955.8
3960.3
3964.6
3969.1
3973.5
3977.9
3982.3
3986.7
3991.1
3995.4
3999.8
4004.2
4008.8
4013.2
4017.6
4022.0
4026.4
4030.9
4035.3
4039.7
4044.1
4048.3
4052.7
4057.1
4061.7
4066.1
4070.5
4074.9
4079.3
4083.7
4088.1
4092.4
4096.7
4101.2
4105.7
4110.1
4114.5
4118.9
4123.2
4127.5
4131.8
4136.2
4140.7
4145.1
4149.5
4153.8
4158.2
4162.5
4166.8
4171.2
4175.6
4180.0
4184.3
4188.6
4192.9
4197.2
4201.7
4206.0
4210.3
4214.6
4218.7
4223.1
4227.5
4231.6
4235.8
4240.1
4244.4
4248.6
4252.7
4256.9
4261.0
4265.1
4269.1
4273.2
4277.2
4281.1
4284.9
4288.9
4292.8
4296.5
4300.3
4304.0
4307.8
4311.6
4315.3
4319.0
4322.5
4326.2
4329.8
4333.4
4337.1
4342.2
