949.2
960.9
969.8
978.8
987.7
996.7
1005.6
1014.6
1023.5
1032.5
1041.4
1050.4
1059.3
1068.3
1077.2
1086.2
1095.2
1104.2
1113.2
1122.1
1131.0
1140.0
1149.0
1158.0
1166.9
1175.9
1184.9
1193.9
1202.8
1211.8
1220.9
1229.8
1238.8
1247.7
1256.7
1265.6
1274.6
1283.6
1292.5
1301.5
1310.5
1319.4
1328.4
1337.3
1346.3
1355.2
1364.2
1373.1
1382.1
1391.0
1400.0
1408.9
1417.9
1426.9
1435.8
1444.7
1453.7
1462.7
1471.6
1480.6
1489.5
1498.5
1507.4
1516.4
1525.3
1534.3
1543.2
1552.1
1561.1
1570.0
1579.0
1588.0
1596.9
1605.8
1614.8
1623.7
1632.7
1641.4
1650.4
1659.6
1668.5
1677.5
1686.5
1695.4
1704.3
1713.2
1722.2
1731.1
1740.1
1749.0
1757.9
1766.9
1775.8
1784.7
1793.7
1802.6
1811.6
1820.4
1829.4
1838.3
1847.3
1856.2
1865.1
1874.1
1883.0
1892.0
1900.9
1909.8
1918.7
1927.7
1936.6
1945.5
1954.4
1963.4
1972.3
1981.2
1990.2
1999.1
2008.1
2017.0
2025.9
2034.9
2043.8
2052.7
2061.7
2070.6
2079.5
2088.5
2097.3
2106.3
2115.2
2124.1
2133.0
2141.9
2150.8
2159.7
2168.6
2177.5
2186.4
2195.3
2204.2
2213.0
2222.0
2230.8
2239.8
2248.6
2257.5
2266.4
2275.3
2284.2
2293.0
2301.9
2310.8
2319.7
2328.6
2337.4
2346.3
2355.2
2364.1
2373.0
2381.8
2390.7
2399.7
2408.5
2417.4
2426.2
2435.2
2444.0
2452.9
2461.9
2470.7
2479.6
2488.5
2497.1
2505.9
2515.0
2523.9
2532.8
2541.7
2550.6
2559.5
2568.3
2577.3
2586.1
2595.0
2603.9
2612.8
2621.7
2630.5
2639.4
2648.3
2657.2
2666.1
2674.9
2683.8
2692.7
2701.6
2710.4
2719.3
2728.2
2737.1
2746.0
2754.9
2763.7
2772.6
2781.5
2790.3
2799.2
2808.1
2817.0
2825.9
2834.8
2843.6
2852.5
2861.4
2870.3
2879.2
2888.0
2896.8
2905.8
2914.6
2923.5
2932.4
2941.3
2950.1
2959.0
2967.8
2976.5
2985.4
2994.5
3003.4
3012.3
3021.2
3030.1
3038.9
3047.8
3056.7
3065.6
3074.5
3083.4
3092.2
3101.1
3110.0
3118.8
3127.7
3136.5
3145.4
3154.3
3163.2
3172.0
3180.9
3189.7
3198.6
3207.5
3216.4
3225.2
3234.0
3242.9
3251.9
3260.7
3269.5
3278.4
3287.1
3295.9
3305.1
3313.9
3322.7
3331.6
3340.4
3349.2
3358.2
3367.0
3375.8
3384.7
3393.6
3402.4
3411.3
3420.1
3429.0
3437.8
3446.7
3455.6
3464.4
3473.3
3482.2
3490.8
3499.7
3508.7
3517.5
3526.4
3535.3
3544.1
3553.0
3561.8
3570.7
3579.5
3588.4
3597.3
3606.2
3615.0
3623.8
3632.7
3641.5
3650.2
3659.1
3668.1
3676.9
3685.8
3694.6
3703.5
3712.4
3721.2
3730.1
3739.0
3747.9
3756.7
3765.3
3774.2
3783.2
3792.1
3801.0
3809.8
3818.7
3827.5
3836.4
3845.2
3854.2
3862.8
3871.7
3880.7
3889.6
3898.4
3907.2
3916.1
3924.9
3933.6
3942.4
3951.4
3960.3
3969.1
3977.9
3986.7
3995.4
4004.2
4013.2
4022.0
4030.9
4039.7
4048.3
4057.1
4066.1
4074.9
4083.7
4092.4
4101.2
4110.1
4118.9
4127.5
4136.2
4145.1
4153.8
4162.5
4171.2
4180.0
4188.6
4197.2
4206.0
4214.6
4223.1
4231.6
4240.1
4248.6
4256.9
4265.1
4273.2
4281.1
4288.9
4296.5
4304.0
4311.6
4319.0
4326.2
4333.4
4342.2
